idle=8
offset_x=0
offset_y=0
0, 2, 11, 87, 108
1, 91, 11, 87, 108
2, 180, 11, 87, 108
3, 269, 11, 87, 108
4, 358, 11, 87, 108
5, 447, 11, 87, 108
6, 536, 11, 87, 108
7, 625, 11, 87, 108
hitbox
0, 2, 73, 87, 46
1, 91, 73, 87, 46
2, 180, 73, 87, 46
3, 269, 73, 87, 46
4, 358, 73, 87, 46
5, 447, 73, 87, 46
6, 536, 73, 87, 46
7, 625, 73, 87, 46
move=8
offset_x=0
offset_y=0
0, 723, 11, 87, 141
1, 812, 11, 87, 141
2, 901, 11, 87, 141
3, 990, 11, 87, 141
4, 1079, 11, 87, 141
5, 1168, 11, 87, 141
6, 1257, 11, 87, 141
7, 1346, 11, 87, 141
hitbox
0, 723, 106, 87, 46
1, 812, 109, 87, 43
2, 901, 79, 87, 49
3, 990, 74, 87, 47
4, 1079, 72, 87, 47
5, 1168, 73, 87, 45
6, 1257, 77, 87, 47
7, 1346, 91, 87, 48
hurt=1
offset_x=0
offset_y=0
0, 1444, 11, 103, 107
hitbox
0, 1444, 72, 87, 46
die=14
offset_x=0
offset_y=32
0, 2, 163, 254, 169
1, 258, 163, 254, 169
2, 514, 163, 254, 169
3, 770, 163, 254, 169
4, 1026, 163, 254, 169
5, 1282, 163, 254, 169
6, 1538, 163, 254, 169
7, 2, 334, 254, 169
8, 258, 334, 254, 169
9, 514, 334, 254, 169
10, 770, 334, 254, 169
11, 1026, 334, 254, 169
12, 1282, 334, 254, 169
13, 1538, 334, 254, 169
hitbox
0, 2, 163, 254, 169
1, 258, 163, 254, 169
2, 514, 163, 254, 169
3, 770, 163, 254, 169
4, 1026, 163, 254, 169
5, 1282, 163, 254, 169
6, 1538, 163, 254, 169
7, 2, 334, 254, 169
8, 258, 334, 254, 169
9, 514, 334, 254, 169
10, 770, 334, 254, 169
11, 1026, 334, 254, 169
12, 1282, 334, 254, 169
13, 1538, 334, 254, 169
hit=5
offset_x=0
offset_y=0
0, 2229, 350, 163, 153
1, 2394, 350, 163, 153
2, 2559, 350, 163, 153
3, 2724, 350, 163, 153
4, 2889, 350, 163, 153
hitbox
0, 2229, 350, 163, 153
1, 2394, 350, 163, 153
2, 2559, 350, 163, 153
3, 2724, 350, 163, 153
4, 2889, 350, 163, 153
attack=13
offset_x=314
offset_y=48
0, 2, 515, 434, 265
1, 438, 515, 434, 265
2, 874, 515, 434, 265
3, 1310, 515, 434, 265
4, 1746, 515, 434, 265
5, 2182, 515, 434, 265
6, 2618, 515, 434, 265
7, 2, 782, 434, 265
8, 438, 782, 434, 265
9, 874, 782, 434, 265
10, 1310, 782, 434, 265
11, 1746, 782, 434, 265
12, 2182, 782, 434, 265
hitbox
0, 316, 686, 87, 46
1, 741, 593, 87, 57
2, 1173, 583, 87, 53
3, 1605, 579, 87, 50
4, 2038, 577, 87, 48
5, 2471, 576, 87, 48
6, 2906, 576, 87, 47
7, 42, 906, 255, 55
8, 559, 961, 87, 46 
9, 994, 962, 87, 46
10, 1447, 960, 87, 46
11, 1952, 957, 87, 46
12, 2502, 953, 87, 46