idle=6
offset_x=0
offset_y=0
0, 2, 11, 165, 175
1, 169, 11, 165, 175
2, 336, 11, 165, 175
3, 503, 11, 165, 175
4, 670, 11, 165, 175
5, 837, 11, 165, 175
hitbox
0, 27, 58, 115, 128
1, 194, 58, 115, 128
2, 361, 58, 115, 128
3, 528, 58, 115, 128
4, 695, 58, 115, 128
5, 862, 58, 115, 128
move=6
offset_x=0
offset_y=0
0, 1013, 11, 165, 175
1, 1180, 11, 165, 175
2, 1347, 11, 165, 175
3, 1514, 11, 165, 175
4, 1681, 11, 165, 175
5, 1848, 11, 165, 175
hitbox
0, 1038, 58, 115, 128
1, 1205, 58, 115, 128
2, 1372, 58, 115, 128
3, 1539, 58, 115, 128
4, 1706, 58, 115, 128
5, 1873, 58, 115, 128
hurt=1
offset_x=0
offset_y=0
0, 2024, 11, 175, 171
hitbox
0, 2040, 53, 121, 129
die=14
offset_x=0
offset_y=28
0, 2, 761, 298, 227
1, 302, 761, 298, 227
2, 602, 761, 298, 227
3, 902, 761, 298, 227
4, 1202, 761, 298, 227
5, 1502, 761, 298, 227
6, 1802, 761, 298, 227
7, 2, 990, 298, 227
8, 302, 990, 298, 227
9, 602, 990, 298, 227
10, 902, 990, 298, 227
11, 1202, 990, 298, 227
12, 1502, 990, 298, 227
13, 1802, 990, 298, 227
hitbox
0, 2, 761, 298, 227
1, 302, 761, 298, 227
2, 602, 761, 298, 227
3, 902, 761, 298, 227
4, 1202, 761, 298, 227
5, 1502, 761, 298, 227
6, 1802, 761, 298, 227
7, 2, 990, 298, 227
8, 302, 990, 298, 227
9, 602, 990, 298, 227
10, 902, 990, 298, 227
11, 1202, 990, 298, 227
12, 1502, 990, 298, 227
13, 1802, 990, 298, 227
hit=6
offset_x=0
offset_y=0
0, 2111, 762, 183, 148
1, 2296, 762, 183, 148
2, 2481, 762, 183, 148
3, 2666, 762, 183, 148
4, 2851, 762, 183, 148
5, 3036, 762, 183, 148
hitbox
0, 2111, 762, 183, 148
1, 2296, 762, 183, 148
2, 2481, 762, 183, 148
3, 2666, 762, 183, 148
4, 2851, 762, 183, 148
5, 3036, 762, 183, 148
attack=16
offset_x=135
offset_y=18
0, 2, 198, 402, 275
1, 406, 198, 402, 275
2, 810, 198, 402, 275
3, 1214, 198, 402, 275
4, 1618, 198, 402, 275
5, 2022, 198, 402, 275
6, 2426, 198, 402, 275
7, 2830, 198, 402, 275
8, 2, 475, 402, 275
9, 406, 475, 402, 275
10, 810, 475, 402, 275
11, 1214, 475, 402, 275
12, 1618, 475, 402, 275
13, 2022, 475, 402, 275
14, 2426, 475, 402, 275
15, 2830, 475, 402, 275
hitbox
0, 145, 327, 116, 128
1, 549, 327, 116, 128
2, 953, 327, 116, 128
3, 1357, 327, 116, 128
4, 1761, 327, 116, 128
5, 2165, 327, 116, 128
6, 2569, 253, 116, 128
7, 2973, 251, 116, 128
8, 145, 527, 116, 128
9, 549, 528, 116, 128
10, 880, 608, 252, 124
11, 1252, 609, 320, 124
12, 1656, 609, 320, 124
13, 2165, 609, 116, 123
14, 2569, 608, 116, 124
15, 2973, 607, 116, 125